0 0.598094 0.538117 0.328475 0.197309
0 0.358744 0.463004 0.300448 0.168161
0 0.757848 0.341928 0.051570 0.038117
0 0.816143 0.339686 0.044843 0.033632
0 0.750000 0.406951 0.047085 0.071749
0 0.811099 0.405830 0.043722 0.049327
0 0.854260 0.434978 0.033632 0.029148
0 0.655830 0.354260 0.044843 0.031390
0 0.558857 0.304933 0.054933 0.042601
0 0.250561 0.191704 0.084081 0.047085
0 0.261771 0.402466 0.052691 0.035874
0 0.133408 0.448991 0.035874 0.025785
0 0.353139 0.333520 0.026906 0.021300
0 0.942825 0.623879 0.098655 0.061659
