0 0.370637 0.628593 0.119097 0.136037
0 0.295175 0.726386 0.049281 0.081109
0 0.154774 0.920688 0.144251 0.088809
0 0.516170 0.452259 0.163758 0.105749
0 0.723049 0.528747 0.081622 0.053388
0 0.686602 0.232290 0.074435 0.038501
0 0.351899 0.178388 0.087782 0.054928
0 0.320329 0.331366 0.086242 0.065195
0 0.187115 0.475359 0.190452 0.183778
0 0.477926 0.373460 0.158111 0.083676
0 0.368583 0.411704 0.028747 0.020534
0 0.417094 0.470996 0.030287 0.038501
0 0.687628 0.755903 0.058008 0.071355
0 0.494353 0.928901 0.051335 0.115503
0 0.407084 0.909908 0.099589 0.180185
