0 0.319735 0.914278 0.063947 0.097574
0 0.423925 0.769846 0.138920 0.169239
0 0.625138 0.492558 0.195149 0.116318
0 0.500276 0.538313 0.035832 0.040243
0 0.451213 0.458931 0.031422 0.021499
0 0.592889 0.389746 0.206725 0.121279
0 0.394708 0.343991 0.120176 0.082690
0 0.879548 0.620176 0.125138 0.081588
0 0.695149 0.555127 0.045204 0.028666
0 0.606395 0.558710 0.062845 0.050165
0 0.227674 0.579107 0.273429 0.226571
0 0.452040 0.132304 0.108049 0.057332
0 0.864939 0.175028 0.083793 0.054576
0 0.797409 0.947630 0.078831 0.104741
