0 0.651538 0.286154 0.238462 0.092308
0 0.368462 0.320769 0.206154 0.098462
0 0.348462 0.402692 0.513846 0.185385
0 0.676154 0.565000 0.603077 0.293077
0 0.287308 0.510385 0.102308 0.045385
0 0.168077 0.468462 0.106923 0.070769
0 0.080769 0.435769 0.155385 0.100769
0 0.065000 0.385000 0.043846 0.088462
0 0.138077 0.415000 0.137692 0.063846
0 0.407692 0.044231 0.238462 0.080769
0 0.037692 0.073077 0.073846 0.075385
0 0.151538 0.117692 0.069231 0.040000
0 0.124231 0.302308 0.237692 0.124615
0 0.741923 0.423462 0.511538 0.150000
